, 
, 
, 
, 
, 
, 
, 
, 
, 
, 
, 
, 
, 
, 
, 
, 
, 
, 
, 
, 
, 
, 
, 
, 
, 
, 
, 
, 
, 
, 
, 
, 
, 
, 
, 
, 
, 
, 
, 
, 
, 
, 
, 
, 
, 
, 
, 
, 
, 
, 
, 
, 
, 
, 
, 
, 
, 
, 
, 
, 
, 
, 
, 
, 
, 
, 
, 
, 
, 
, 
, 
, 
, 
, 
, 
, 
, 
, 
, 
, 
, 
, 
, 
, 
, 
, 
, 
, 
, 
, 
, 
, 
, 
, 
, 
, 
, 
, 
, 
, 
, 
, 
, 
, 
, 
, 
, 
, 
, 
, 
, 
, 
, 
, 
, 
, 
, 
, 
, 
, 
, 
, 
, 
, 
, 
, 
, 
, 
, 
, 
, 
, 
, 
, 
, 
, 
, 
26426134814235865300354812537590448466203415966979020916351932563173387515796720367720030681095401949170596379628382501511864297, 1400583995984449562936049289810114506905581924327219278881194983128033876599581718317520180446749673041278191109029587311421364543
, 
, 
, 
, 
, 
, 
, 
, 
, 
, 
, 
, 
, 
, 
, 
, 
, 
, 
, 
, 
, 
, 
, 
1259328763977887655169522399308708673186055334595505323803422301075004511091237479327824458889106121842394525792619189355137068178, 8840905365005505318073064624985573591517873240940728910961876995187450333025411916630214549461644017211399945323309551727317222432
, 
, 
, 
, 
, 
, 
, 
, 
, 
, 
, 
, 
, 
, 
, 
, 
, 
, 
, 
, 
, 
, 
, 
, 
, 
, 
, 
, 
, 
, 
, 
, 
, 
, 
, 
, 
, 
, 
, 
, 
, 
, 
, 
, 
, 
, 
21614228943322868836690180283624280547832854950008135372420950849277311169391048713090490594784942487979777196422384926798665609184, 5459776565846342586923001051817013112312623217775251321700650337290551155588412076526217411605978050819933721070001407822013753279
, 
, 
, 
, 
, 
, 
, 
11743997842289669298491641930626525358860041118352842483711647822572186983609351585394195377777334950879142856254842770683376413427, 526798479969909662031834633438278110373706844274090260847791700061407055296437922099039682879218384712805493185571315316724680589
, 
, 
, 
, 
, 
, 
, 
, 
, 
, 
, 
, 
, 
, 
, 
, 
, 
, 
, 
, 
, 
, 
, 
14009350391262254385344759065581455499916038158254782257525146141494746493516317914816711975178226650052203739695099520876023959986, 6734057226611595407090449087230427866943378049179567492851146849815139802438519930409633167740332370700052903132342129071521680792
15783592987901321316790342776514872100195436685585975556370567858493456028186486052330462990809789957101129243274578627003246504797, 19711079613359998616478236275717879737532575372403103467335171381368519415686000321571127204605174315039832785586432021626936180291
, 
, 
, 
, 
, 
9866966847387857225986298303621342708559828529703387147311580485982400661909738036009887988677434110968672448746015218240428334614, 15409182192343391580028985969371116729226653129788077172798223611188658649553180118402018839091530100033639181184382777685804177551
, 
, 
, 
, 
, 
, 
, 
, 
, 
20036658707994476263438188776247369309550807811559500028311097235326471431964056604306122690110345804342953705205083651893333997233, 5763928708233959719575077059136374126580639625074605530394392977763627335699193427950741837128349339642167262949507220930263883058
, 
, 
, 
, 
, 
18535129024645584784035362555212985011704075614570460773464833659439894150600203718612592302501276319835453465555786149017447027198, 6463329904597871026371024629043697903240885592958943371293440509687632756277745830370375683873431643020348707315837131121083544797
, 
, 
, 
, 
, 
, 
, 
20787965944120027310602215697351294424593835490803759417857152903792528605399957601549927098507985522129159907710660625572595901710, 5412385366377301325029552025659692633306319039979917942751500735212549949313146327073084369869082495619532894595417751424123826326
24116646168299805174871220609914101861235100055007679193889257256286522127520605145933354981971439819471765034633444813539163151961, 758528360798432099869793352572932971638004838087331461442840639414421775404303093296851679448314029893783395000507202508977410902
16340259852181300596068011801834214585962450566741624821505976135464049479180645520912418183678920319532174549019711064345236811599, 5644132638883853022707089510129490016796778032301292308840028401838930483420044008487864965059131420832611464420547451981002470220
, 
, 
, 
22327707286669827938292325609176464778305972374705924033376586837594232645747465563630149793978134406998329539705855987633885344158, 12197248876148070735932289727645344603251071131800046810591135444693252251628772623458749297988088407128759150168778211925938970179
, 
, 
, 
, 
, 
, 
, 
, 
, 
17851367022830075682040455200919842936608445652309603580985306089931705077254102791692996318176535848189720155642448716802808514035, 22897284111061024551417256211976172801550611530092074327816991369293313532277592147892860917085207523413310320523692804347473783370
, 
, 
, 
, 
, 
16903129306622631447286900827563692536403061328344872279412062627902775709249241960006904319130909948032444528015505179069110328855, 23017847285502626922423728094532759178093674763945353251924800457530934113742285843081315006878485042498331151444530572077919350445
, 
, 
2944693107570639006539528339678807858729786045138114970808465325610895808041574287914689034681327438895687950353250210414103430676, 14602686510632810331799245370339658544682989759164045689017572515245074860064169478685452823550685194815893299749850308468164154032
, 
22781334489540493919262954582346078117074359695680157061635961607270487530236572047105072528345396105024764516161927255833951126963, 10383646554828847524236462030481211050914472785997712665959594793348159284840104151994107354714916996062037329377873012920648600367
, 
, 
, 
13493501192494413219132227846617259105704168836946083417496986462656306897058382022288987379564227154452506606853061372183179172142, 9334765644955550320450783312764205188876851454498097760812783666916818978837685093498588915468443679635864591391009336321396188393
, 
, 
, 
, 
, 
1693971736774528443553162716053580876085181872076941906249662098833046880035052518374010214999042080920310875955228344764878260234, 17289453979722932765210697829524626011577763026403551464978268900380119802970334915944837881188068179883343404016368321982618097331
, 
, 
, 
, 
, 
, 
, 
10813962476769721180789601315820402967597698480590959181223381048414798038710247856844828392651645180168415120104764733010399054977, 15477672257507083225923587739180040540534980503137072690045021258089986425114768232263449281844430826820526519336016239719470127488
, 
22491876219281999775512363234871230640901690588566745367863672570706207731213678473945256222675156454938827151113421509001352734761, 23986705859011756785304291483840761996036897944841537858641885811067045257285936056877510450161768130310211055691159009429542621157
, 
11361493439339795920772179771057825269234035416647961545678852105671459899513952143727230217868812953928372126461576201322512425776, 9706497894886311313592276758809096568968567843811135850487382713377860620326882843592243382140118234547581275037488292356070344862
5973907254941839149843333405143907559635252772881394697340462042999539584159064156227734053120984937300619389903433594310829059731, 2930788652837764969989133913137121865144610312409438946956286567151813438013700704236543854147188755061894763577984228085205732873
3687861593647782865495479926793924229903738392475336468013527431633774571840425136756654028162306615002312533832212557456007830893, 15286640317673612578223949316591905494260650581224327382148230473998009488408671642874251030054821723132370766295859997054786197658
5827394011801490936247461780460750848923468079916365685109529377493186723132285328283015788994204287978503812332741023473028834936, 10564859572113072592240717101551181475626815640688995492016134491351963422433249097921545321778489529487787912002992513995750807056
, 
, 
, 
5299269009027031724081276345676606299254690455252846483052330761191852876463487865721205168023619021689881292440040707768998314292, 8962993466070624580191413932266897028734760784940456822041082964429700395281284358205448187108470583516136032715175674167359131185
, 
, 
, 
, 
, 
, 
, 
, 
, 
, 
, 
, 
, 
, 
, 
, 
, 
16055137466096052230048249850414603158298393286819411340215381112552712650899716163448531804317375450513813542940020169023970015673, 17837606815001001610869951949801491335553694065558689214782889685857569756542718121089155536909032199250391452512503418272153930108
, 
, 
, 
, 
, 
19979333016561757259357836759638952011904087977675106465514336226187512956667341952976926789625022984277649495889802898665044912710, 16268042155646363464972801388565673860128927854605220121379630588771788336248386920336736438566202829624133665863222535061511777416
22000350975338689017791313487030060375174371785183688259367070145629883486513128596823012082788831248324849154070944178480647333857, 3682788301431901952248713598882671582581814095891336473370494223963327659801711780580344680632181248584947800236685848506636029158
, 
, 
, 
, 
, 
, 
, 
, 
, 
, 
23488894657628600926024139113337190093306678344311432245417179526483656423471108104539149811356782192595552331170359413391970162413, 23549130969939303880798359883340031742177211491148656431524131112984413392062013567179220805687281383966905574955888082062797955139
, 
21612106564916404211740242358281907575126808621032454929924092619638356053414221104274240374563431688883129685179328462919160962587, 13930704330084580666098094180251373441954945516503457794053964038348749002345308227059010275166252685275576205554909347550204815104
, 
, 
8432255617255606512462952145318739626631488770015436648183557860468588854157555225227397930616790086625205156038753101023041577623, 12762763940637708302362516155804502784714704247040583453699844828793618428613840118643806948276496659597446906645809335315090602130
7494657390997845050576287711525603227401921673317428062963861605485944959909015672067637284743465253881531616635592380171801996312, 22767328908621210932096832937067502322598429715901994357705328850756908124452120529043331809059538182188379096890225420598839982
23992518187026569728056395058793677295762216542910043135973099350753657764574058982594596693822461971723389115871404812992264174920, 2440360526722760866550462307206095070371289196896655679678744828207919176194066207311777251898729912502337815799987611810271281705
, 
15773028286211020506620553502928363903391212965366173451291584855201382995871090370984147992221964727310024032764578190604041318169, 22566006699823952989043732984424644230724226512427271526568413734431793392469581899138526897912044403064436696598236230232561872218
15491643295094294107693802618820458773529714460581180293347144725242431134234838320109095268232598970071018060926544572729331361310, 24263601800019821553071956288763282417702102903371268203718108086179911251967317698032217496271071141215713388678383174354705517045
, 
, 
, 
, 
, 
5370683431631222645770276434980964880457178902584707321384636726119031835663069004055256347997072514123604037174655045059072413116, 5238974759074259803398535076145829079274905394726028325519261151813867734928821295681808801696679949230047065658439264169306776842
20297286711515311054831620333475794874790314257283768091092786713239921740575908300944489592531397262401586875948474657692238781021, 16732208109582688287377683023687477795942953976447224838092116197217932936618439555887734859770953795432331972910703303181967534802
, 
4281990709023355911110471293842396363966877744553363058937756215645896695897873404916559507668121918967418104235050344118950061300, 9090131639971449919967577363979646667686812551165798082857289920704596785954771665455025652659185635845094053318082424539734057884
17226721728045187490355552674673198221691618478705395367085017601350385769625161168092023171967757832952181451560898380030547179781, 21737259018347520679335548417662307610126149715313032938504562296128353140073885283561836295029798762717905566913840082455673681769
, 
, 
, 
19579158072880627462783057788366489740197592913162819159379042729809024357953192446060102132898005071613766288499347587435069135274, 19342167934482423754121159922915861955169450063938325422439539937309342190874894051269939755405167317483447369459706918937304355518
17617050154517189673785304618514017481691734480463131431595668053068535899104212644386998453548213433630195349344563234574027384601, 10415901608813924952707336047104375676081200016521228618497553579084876593953578413173765635050122107284670367808591145222231711421
21886972196030803422313900671180748842988873409960470868658670179374398072921377862155932551825611003925406082650275860069717815873, 12749943062725234185248533372938643795990753619068769183478822796085920962393200455180764593255415901668631512831460761380996793752
, 
, 
, 
, 
, 
, 
7811409849202071210389248601092168884536169326000015433011034619775663040939839431994343108244101857706894042470603466584615798748, 10247844242706877642362026099504458575655428761626084487274750916998536519128497155441144614085868068174037037409040978558831909021
7102441234795010091269571559408703754803716754166697335440444678168288721784782141258973946580354846788501506456795162270752082360, 19656183787039732386125927224742880899831216187165585891909318914515356763014238174195338143790795708017214623213686788307910144899
, 
11319078348368715365789606625287584012028087670669009985024828065327532712882683447073212504401677457150287191937776377097015084974, 22047964841155099853279163729928526402880620246195665300566230023919634324062124533401356695772945810432572089357486759532137993962
, 
19475250131863398811482873200939124601068448670071410936383740334441810267227897423267608262679811479847240692241000355665190358078, 3333536785204800159414055522635250828171363966214974072219833338586632745587048788947873525889341106433125911432905914223199698922
, 
, 
, 
, 
, 
, 
, 
, 
461595495042232097464869624176319571326585759350426038421542999028520052043593286614519958470422178110556651364324330279182792946, 8308587166795267582602511894374495588117702307901698112629520259257819599956050463713834028846641589591596936715897919298931366395
, 
, 
, 
, 
19348268772378265890221596932672401470720319920351159545975830979936653617137382299776098558210701706470437321416667162350904581491, 3521678788996528160731023263016723026832349467765831564189802904892095462943655226100861462814201274126974950848584177129875778628
, 
, 
, 
3790235330053025711075734252086283160498501702731841184272196496088528106794828653290182803898915792446635401144068028413476938800, 11510949338980453194985503670391848466175814024915792545564353801559510025001249398274042259913356726602654535795098318064656789576
, 
, 
, 
, 
18247781537309378747338949941816556447138280203591987529465559324645005287595516431851525912470775149484690328219622833093668062020, 1728989309144876343289683527634756623447906778472323051214601826233934630606744542360250800867578573343686903947697882262214264713
, 
17635677586408363305495160564450598509284746629571343876344828289708052998626271055655558850960171315417871575312685715818379230287, 6475180971041939614140461702031218196232678808653304880606399848006643049387685022519950946975805841643258337115744492836866381630
, 
18064664294079620204816820916748172227572142823470626829975694427820964490055927686992974165703918081593000668743635671225027480194, 430349095185984103731682799064691671202753865126360740039877394144231055372827741120136057406316802036128214145900232883458690284
, 
8201652442980883750485892506575654971995300466051736507608056498069276215202907219033578688506580405023280343941194822583361545373, 21884361588627388861922434356012244947548908520005171565837386405009296894477048718758387850653831713623634626905598468132527241580
, 
, 
, 
, 
23876571253056908534999013172423050435950026136596101315109131503925230041922793441826053963105196446109407863515293911671801874832, 21439359725066274445383468313928474736242794667948731230572923373907942318904529314343399733214394928776221856085371439266729634254
, 
2327678999433751219932889226273374837448124707068775712547641754587219570709841509838539509305042843783061231278048087726881382897, 5158151040428291456447154941763156086576141443103505275082496502732535029330416476067977343700747198801930504430302463068429760036
, 
7157096236102099570658092715481800102023978267281546774972474173815360872513984129374137538200320404140920131633622384679948411881, 18724801467629828123949861515784332232978179074093844713805680836693006993722775446528067781413086595134957575690333469235918795782
, 
, 
, 
, 
8856810778611846034333753157790647289018460139382492734427602447493544191466133879992340392069483719786132542560335841502640584391, 14102182261459729616015847408701999795596901573665795614293236124767797832516844769856422996760520258431409784313565685626361984441
2912119510021840321317098873511926025117018313170192098704528515605905430602041207197784759193072896241263798050039765324709894986, 14326976715873561903413453094851888622748529927952141241054133525019515295971141803217593159986254862658633294120402193111832204425
18601718220652233315685733122159578682383965568834203398114774866424603527371852124747740549900355225391885697526152119550583005587, 15195398748240038521777093328134468094275454478188157918846139795206879129083330132109457249132111238885195205451783793861793377537
, 
, 
, 
, 
, 
, 
, 
4543192945997745308946597921762145215108241677172975496302968027655329782990945447083247516982202105809434337458797365842563648528, 23212261869326016578388466367980028152721289674859106301762859091004994396061898368291783777077098629272629387530471818895933443732
, 
, 
, 
, 
, 
17710328183626411719221963582278211711544534079162162126464336698508370445564486730386891022767115121037344479009552672719305526896, 5452210246404698772991317917401383669191512856142215290900131369046734918503020327650569502414361783509150604075684269777917496675
6541568126705518271352513455727055221052471699382525500421190169729516567505174467664279562867304347525409488333757478587884890132, 1018394369798928299432162050951860283735081066841662978917844676028647122122817811193245611311824729846011330632282418180179656091
2305533021947180813916541144781069406989277491934338499649786246208417649552866208531589842592093203274551170590934391924436758477, 12889310543942650193843102886314476873178346749246235544448446872594811880108121057631808076440304079678893968808793921547580642695
, 
, 
23814449700022095564294712758760797092018825927516553147597197282204886232242342037100217791043450746727769578743060787175369537794, 10459068883862710769505143828756449362897394957801692821426885702041971951513467190744732131649301314645058230334417714205259310259
, 
5926859979683562216779523615953618923570841665110922779787843360551997857100845697988741257268003648335853466348560445212070731157, 19547209156680776752909655754620160666129851049107082476738512867199566818540495298226577841494937446987570286817500484213141828162
2450103103989052122139380852065022324174331903796969581794853945521009625500210529277841221189867919718347462386278509202041704762, 7758342033370963471560579830071052663153134121403273267230917331226308148640473257450329576709676754175549914146248947732828183390
677630001828695183043902327151279112891671139548749630215681813671587028161196974399449140432360804220081736735727075856613591740, 6923626717771918745910140098783967666828977107791384206036756435411989984406969524123531562197763222412445772615784849857229893873
12700559632506203585025801372840398928593791165032770114088578817998245148176559707559192242987120822606465382167652974610770949106, 2554061191115915450841797882409856136713427670886795308609764726131815935273464414287192726873803807012327808042278203300697139499
, 
, 
, 
12133611407210265412360430947278022674222263455571867415158266454772205842998477842214926951751688692566642089972992509338708488732, 2238928329187714154868294491926934090260905194422282826276071392652038639593765576422150734576311291996318255314553611111468696761
, 
, 
, 
, 
6075988997313144384064838892882506463136202494387969860122550308334000295633035012458082725472971600238754839143696792059957439635, 7570167473557570565348972610897539505666004764191573508711962231950969870925226962524760282638560468583205854773474205104164854793
, 
, 
, 
, 
, 
8373760798922259866325034871723500604262878496338392671905316470855983553227026195814174859811934101531882024690068766806539511329, 19488733423301103593038624764195743804367405928455416391907966365603663425724462580686113220182249174491250935289644407835950464692
10297025750601724760634534246719354158202193177651899329341810497161927339852290593173193164459331903573860577299405967890281505176, 7153169710615284674967279339205802238890863567562260092487301053514316824445143242925460850836102597155439766000341089184315238321
14189468305394188411693603708764847733497377169176278680694998557638732442875339733973524390461613041333942278173411318796772427896, 947933721307271713472980311824607501698243175131307960962109348491081544424249368914823317453685415261317501596725739658019099360
, 
, 
, 
, 
, 
766596916728953478232878395151442704248620513355935080768997795049087688217324471890422783761553548753415065566476327733835121531, 757252036297948214523258079384285853635628778655563285496415053148881469453810077287216167085788198609833316026940137296047631780
12376945228217161960287323198632340407772011835753420666124316669433247668756366538995140220339906362895993822095351076246963096355, 11207809454690094614639792467770875895255175572983779199276170020836369478458280166584907877473340707986430073309694766835294859998
, 
, 
, 
3383154735108086519806516813920106118650353958872166074754166021264948256299625374106188434309329284215433937046195356015270565635, 8774270705050041489855659874591992939468050960107093680951909387442715002483345898793617192583991743139177625547443751417139764807
, 
, 
, 
6492762834809327486542487485718267774100234897068407876991051155647512974876143457469489355684534570144537845099309243672351236377, 17236090197994133024883241600973730888945621288351757775967077998659480079368958215785592571460511131541215354440526987525527625937
9732258475017790546952060058067513914405198912372802996998723566259577786572996445845356785060395307898226281540731248366337107311, 22966765003146763191877096836374246295185663547982742885041532573189726020329769846001873347177911889962779413494148763499656598195
11770678603038914358645995171525040844373709917209180984962113367350178441283317917019786736410188249998378660484335085944492462536, 19697789160549976494107493741857397755540894068126091145883764715456486829876146225616036940404649992877699981636425726378729185381
21978397618130060648795868452077970009388832583432621566812493770390266955071535072601678085129498104796145439096777394229198743944, 9969202583521206249938024292021192131204665402483027096395599045502837645318487326956835048031340713943201458895405209112092761282
, 
7524860364776145544284076717252361894791647518510563251112462502810077780173263120830233694141206416292187226049022617378218378283, 2539739814404278715789023884728259815801511284552317782105048706858540682751062294910904303957033401298307735964413396760537925265
, 
18302093989213043950797960966030615215319563776141886107083315557274633289692514239145307110053310536627592005044420296404942222853, 21825618654087684526875371711419103200496248304101418041508240526647355479077518952897244315562640601144929274095117963082890316552
, 
, 
8638828985264683579263446338432969891080392797389652512603874699858449409564618442864126020115851498375870451737313368386702731772, 4910185014120491045416827998363639152816017027708288374643164799712270285543863723527272060485726117104907685340851594112502291375
, 
1629084253463001293826973823525026681634513979573511976771035045300373553101438153367059256077120741298425310412058709572737181253, 4832359668616404678647223426391467641502845968036890514955918147503289130186971179161609409890354879342213215241981041602646686517
9037100463222774961172181565820239798707563107266548913286242209306895744107235919906081722200444812934029927213666132481149388008, 751351885253914360206577496141651289618401136465060260202701965546604923087532351326869562332053923324132944091982952618222587968
, 
21880423576008182918962326016441233094363614301091470003148646097193481998949513614874142572117895495341475199040894777045849103446, 8938665207872676668520726128542202384344482585802059730713451297080578538447245729758354052908731484741986406501122938731444706318
21106310891730489709068603049840581539241553737185828831756323991881521213105392252126384380851064887317421737003561690688588854880, 19489666233528158495541489524176140940121235541263907104383119202443606946815874627967683125619557659530251321859537969117080389948
15015970095622225582700227832044676884506814607505559459060806344422030794593119145975505554881365818475872632599107696458211492511, 19759015124593286420968719743448880805547451304335662464237570407201479996967130125862547741523798114786883239214507690553731738166
, 
, 
, 
, 
, 
2631375092129536518332668649044862938267032164201789040662934419667081558169374697651770575603002872982506860003441244803729076860, 21608473640746423904285518034827118215014010191099755155545308938099635742559185453688964928001991608440232301223705880584132311891
18631974806767097379673361485896679182016236784817920631738300539913962440684177055878049819056141938625155681509586977952674032084, 11487475137168466702361796373407235610018498176528575843210986941305474475377018984376717185594558874529700115647650902329836841410
, 
, 
2953732895211946056884959962494715006043034614374082192888742676028731159869872105874469523605934352450999112902025499216826047704, 23156574976153399207037594863108948393424048202767784288958970769320244450212885573118511649205261145827963845728260620501372319052
23346639865290112866504161512389061496415737786213479339730706158993541278311000860326580397493843661521074641644466632236555083016, 9656999225009492114641307044449784329062614337081625001720326104063490901904664293270009457539511115203333045050803593006520210630
, 
6511366332848828296048756272726520082462965831098192685239815257874144215347995868324470061903893172139974009385333400870255066719, 3204033198855889359754411214870151610973628268357782659962358228644613259230633697982510864438955974732664601424882338892592789258
3831609999020972116877688311746820904558138893291468296930072079221518619141057332652885235024614837062474697859341443198036639849, 23236849894593438115033791810893324421254941283338167980511502245406398683732787691211928634918127127225632831363943862389827258499
17797198042792094427937106130915737653959467385332824106413091804636252436173417345400419512115341412817970585964833366393841867814, 4918571979331785790630978499196967630919966415259112031260268562573749735941417303900551792389349316204084518018210201633161230348
, 
218987799510211675571862547898015651936922575571579159753653137097678385062841873909746216618863643002333592949551123759389761714, 269096903266024726382966700766754633370445640470727363068481462722058475348410203670179243583038693969466867866402581616365219400
, 
19367965815990663970835264788932763830594398887250512935955171134560443219739553080522073557029068987619416700204228021548217856092, 9658745379888776261962211690965733634716430743312197836199388429279724641590443218248102378002498914511052270841288349720410906607
, 
5246483581473450217395428077640279021209119460176429410622265596060406312229463627263208756466256852132637571535988367544473721361, 20353249832519777258669861002429851200161575438905750645760483671376335272611639985186934738690213611477265516811825290390770021770
22385636149905919658028210676661275957883029012569537958649431095953839512765009276317910158211200702874374141489801218292935527855, 15167744918099354576643861036235814665846768858580134749745163425995935928958903162625896616448762036925275220160855461083956335582
14640309512703242609206159097809962760449115881087697864596741059944705928653819521634025242311561414254604390052830658580113058264, 5688007866979950606315629346551089520013391976441490219434833081237546648257072853774192634140621269625225256763404246162181933882
, 
, 
, 
, 
5946249287580920291731644078945125304466980786062664262137170095484606765099347064354864062367528259476137652668596583365148228693, 11925132914500459192429279164283853411886297416702465652903841868134219409741703877112879149773954042014123429894113435914076812245
10670539946341295466021550146510297622247214857129150768516805227948123608382131759490691220867364086625969949608234324521542560381, 4085135419232322949185828353993905167147055820553848974181902896995475038281423248286006005989240839644191667566048419484003103755
, 
, 
, 
1625249723223101726662166358012249460793446805345154938252817785020882826034219658719309952011930177349857226041032247111524388802, 14799271573250118066638626655479202766831002667650842662909939416079073299560024968897287344970843111928773074198987853289539265430
, 
23081389536601698077064308124167785933939245683285812871630801943941053244965514212961582865049514183438126728017559521803509290146, 7981641016279125799085645080861278338296245238855345398407364211048282992527836692448875322134611581094679470596472354483279283557
20053482520383322139834394428445796772068335444973540356631925757171242474716569377247413049125238944778791434215417552291098155971, 6460116291050353281563977571759947617942508401788868011098307469748399376424880193124275077004290996332698253910856289495152550902
15452908139916331709669941395663604427736809212077005551501471619321877558463226333356593875468540032502509631337313273634117223998, 18027717257924719996972551788107852869493587181415325345627703965456421094470818453777023723366346020829512547845178403472344123454
, 
6204918520442718482601526297927564944935733595159192542752509360453455104308533518225391156038810965633172968092890354546860061843, 13268033150268415420893339325412566360885896348191860719513285470799053641136319786097186873838181990481474097351503072991811055988
4208617531774048046340727893239672483486406748846905186738727808738934900568815809012440197958737243066849532022458627294828069047, 11519776487853344888047025342440990408392612114160896136122826708683937488102015109682453039240892301493736881771445104838287594143
2590729582031735201120503509622860270177366127123927825890546550290547295844490593082422272498239905548676199433986498261772806894, 3657363051844504017636352657353981366952686163743237340467823467796398653200762212830490693732108302035124961632739839955628497815
, 
3782365947335809794947553554417599572562223134594752099516347821110693346413968237370036892773078488590453951674128394980234150779, 23069086774213446226324508024847420738193689468659053625888368802928983384121998186623775868096696510478407758791581134528470968388
22052261280958993364969173617935797854066483892289544441004990211700191159823789154667064628552100943152255049686230005314033632359, 17813201569921687612013298316198840252695001291349242341367446866891890392553746865913463896175142914581129309071783030458726588839
20685719141902933606016599029135343874699103145705049273855982211703795963442311982152872480758588839709214453159832988236082960202, 15934803090139266009121507507857704338662470584700756039817688152143614219044635797769341845176354242188054395619520495127508475338
, 
, 
12818219969691918030679318917358199947817988066422384365274742604671041186264007269915166422033525008242902576925503165502894402698, 21130793363503616263971456665085093383507366595954922904505128478137031281714987097016577135559053304177206768589437651082371192673
, 
, 
17781353775611353781253094841535544178904670307276285406603561317357754315067836804511918983030191657962109011294724376710304045223, 20970416636114767018237583327327842056789025929248325827477757065196206829316999158180055040388552052671172521518798312328769280452
, 
6025311140853666004405936776665259821411503505140798133784887668249635152407905260090684205374219557649177005848832522336981416988, 5190160092991184168082069024976073257878712250872857883611074135209776437681668570133219007754805349347353920759827907143698116621
12993894889214877904570629553450455750159376906057551710541662278415874011523727506204704593453387824097872608342893088334784740096, 600890730005890178838954089851961390665626255238304208179518975791225213932012997469425813108591929006363309009966203974404059556
, 
10482075262300843295196126040141853022387409039549581350445706588034824793862444499318689609252814120873740871491298397860853775449, 22018851513835662728857301930115608127893495597320584066790357896357896790210950541193177145341604967401230266473632245356276461026
18861309787704113363263226165578703599031666501785907336136649413479206525401798505481769377606497567321505654243307986065879123911, 14108625499719824056272545447888445235747824985567230542129064636512626846430810377439803433615646062423295910441883788187364841320
, 
1782194782163860806254994143496772191596693132438134563661406155888856463518736656968484791715534190751736015351055576354629660320, 8892001695066224223939994016008810096225208056975207757757940585809527124123987848890770360519436766558559929605654273114794158230
, 
, 
, 
, 
, 
14637459297303925356174184623682591768716840515369281336147518200379416840420317909658640871464476973819975465763002408362166570678, 12963628497620318949962147040934215963612392198371191406832868565357643151370116652082212549930671883760422295126879958806406346804
15468064605348744373875842440860826879912290339779447072478891981095134051832301047746334552319410091075888609061843847111432099348, 1354684533334995752532793655950471817041379287137168014337849228817921812370365669202571872815737996104407493384907060566193771795
3864572158660481974881952998780117291775145976494956536767533409312206689963358580878914128106902773679628695079010746297407973940, 14338847234114964579337282767892618996770918135046117050898404083768310718467874245104354825729236991002238718947741282603172022694
, 
13379673918801519511369966334419599624546891978478829668139104542665581021645738925104622215714379978020720004725559313645213801077, 11563219727973011286932954370224826981386627019642952690949830542506189437477738827268198642766572061094158342842888408609603094974
471635478709060918038404969880152997572460664055561557614040805956944785075726373766258816098873732314507456418694475487116419447, 13167306778793457528438127336593002653041627566868201662487620328599388209589212294437598420309798502136606891512374949316583971375
12493810486818380788782200849908088368617662179702600441391834553265344711594552537272097109500858182934712097909076088623361397676, 6419526446124919560060111502428320167534944049959838273525285864741914902956535254304050239984593158344211786475106092943025800863
, 
, 
21868436563438815804893314215969168319979355101044929262048006336465454218385006771625219813097331038033284812540221541484976497333, 3689752230525510567465523300889060016699941218880023447987577418990617582907255400308895542300041048461649571844079656652839888167
, 
, 
15272702750020439554954582290029961030823803808556227804794029642576605468895389760266223121635176364552031354869559040076792059951, 13374354123136103747509665761471568033899840148261709132133405473805552357069570736755668975523573959025926504001726497816162597146
12149611014078003499970816062883515209375657120969981184646346729963842750423614709615613742593942578472967267181886062882834277439, 17517184843888544305244669874465034986460567214448614450634264196195592469378577113871279934493413059662037449025142736702635119241
13716375182075263175155818197667746901336654921289447244695723706587879650386076780874133470209913130326438764861738517040298627890, 24010763022390863322588430014675518911016920264880757273633664082790485551798004250371543369336944930539221929174409546603987294069
21170649582456146976515546211972645522065616405531982015993645944262627176118620828652537257733516287211107467878922110393054668889, 12524505820581560122260462005622099213824295590843263471690084045800813463059679580438802688430182668005189392972939960257263169017
3240886920226018514152221522504691877804480488495090516788173938946891259496410072143814784763290698785543353674768230539008807427, 15635865536745149531843706759814983611107321235483180796865419558021963705201288408405562695445881350863686405654882434937487139319
9031745823015934544370628353780840343162710142058111758111725196764853522722309758546150292884055566854727759605804484988939670428, 20825743559416483302979629265942510396507239284068181819787915905120487107147020044288791295700221304240263355544833259393845192646
16294994935093793455351882512223387640819482966977365969326408457594096720071621419327055360475781956490914023747327650204993432855, 20527657363807549572200926150918905156033294869933565353476353544373479604983259324508410751901210697692750085621245086369316061820
5380995392750013726566820929559826063828256018002381205614390505087516820914024486171809116024158579870615978768261083852582959205, 19964619423275685349228671747624491930346268436573361037853908272773726641320000247098384607274132361196047099500715196452133199324
, 
2494113449723500424090705117883357185869099676653856997725701235022725752740596222768065214577777298572520826067259820457060705027, 8169061275579044801834654804228617995250897006078791045070957596747765852115853816199171229134284599888872658776107739707459968742
, 
16759405684034395848915613512765266222792337527704362383657884577614277716024438245647026317848752180275435427017608577081318320999, 18963478098843095306176738722863721123641075871580135611840750986123701654353228561289687164211788075797855576355584457496208806470
19074012423019713068774492487654256938981909290764447436027988437945155321737528137569094427309411522155877409556031548908956930474, 7578011095829820182696106449577055178864219416497370830771681071990474027833476115012153211154956006037720856150421184133329858953
6477253553701062965666156409539837192277311229399798170697265754179400660531059322678079358226835748898764160973984538333554633564, 24014242009585601210568783492876545543309732167251494970371930088018662623624449690520713230202303040165295251121926019703291169876
, 
22352072123539549882401254969341823225979758725173841177946565094058633944792445668053318820676513582339999432684763403921507188095, 21859309548125826616356000807398687556850640577168396564351619629413755094816101169586848984324362457683546639642104942889419988189
5669618026507723384074992806784324774154044739829958539647054140741816043813195893195895261183574056823672705050163460118265003193, 22251457726620965972633394187308772863981054862040022787117054445863700125991734331292893866947510217598821774257554714015045526299
22916281880667796898641784531754026057373659382146407675354329117447555013326326797645030337827082296323806510643428776091305095084, 13550050693373101450792693193244741425085171151150422927311816145475233147441989500203167854876079006690552814133624537196998550907
, 
363635515144884419425993461765390690133347354351144419514223461804532344897690030048828372687038645059622329128807576327133559695, 15509794093637807690257518147356818011709098521215759259629198353153833480780129926603671589440240637881600816040994043380272155929
2135475434966680259769282602739421824536582227521075586871053495251117972523932306779134569779043852680332850073091428483780394028, 24339525186802218996884271617220835612056306091977570911553180813831873450797310365531979113923938331013485454237407142180035838474
10644893077842146517472857895542938868184607051532498894053944868462601413711611197664458439286866041903218893409263319697105940445, 5767553998495654696106396738232294118458119906233162391599352215707275459397137506492119952516002602480228026603456864048647092523
24427319730833217823419022996849549041603876639745703951135838953946183212962403628303043804626358605441591849722081280260534883883, 23880611766895293072202885419002698517075051475289617675865449867397927369059050048900215128183581989368774398297636394225360642417
7278507012216516114156905360060028431768760868595032876624017730765437709137308711224658191589376375591969037250210840695326630878, 18323105090792093862923784104695748483675643686473574320493158491722470358469236049213578084727202045551422512016219514227408929846
13096405291724805314873245459066583983866335131266629903882099440245497581302155794870828083001682969569082223743618083852844133440, 22369544631681822631362269490998474326658578492842981036876243198480104066035479184140120714008678084433839284652904089675041130463
, 
, 
18358561015249049483408917142468597652617104265822933794121860265492864416391013908636902807116887608992075888853513537303203168303, 23809626633288379279063855928970814019379702492828575160801249742268047237531770566772505393740521753974383586456691205420301461562
15977514496052254764558532087236379078310216008199214415152821046653936438649840297092600536075955111942621849673381663844977392000, 12076495167254531659227741663978693358338446737197033476811632256474846489943848044401168892098429141202188899269135059173919834750
16816414287239136260002302717930657074961310705744026345173417147557129109227068521899106816051027984109868758829314132341908265598, 944958499539118465584519785711182444071619395871371828012802713032707598138773714599326535988760088039306684216026502998746727024
14164299049961926551270050897826178131075408360181180852105303742198118359436750834164591456576760778772878132154558055151676950234, 373946410453381224317768651061648363518843070074820507132985917330513512113874660262643120027052297770910078835882345976291890954
, 
13036701831003551079675836966678725136626642776556712276835498023380281303365556027524921625056496632754035127610238175665559552639, 10724654986749976736304613362376662154895218929418464525334864388777366719206104359130279067797879898023062397092798651109469496638
17802078549313444572236061484482273988337154657775721937550648663981197938380357493950194179662118815150437010373610809687764511363, 12214695354930080409921653540092502901898479544306920158443059834815973911582841483761914282755936808855824960533156964537069179379
20307627513091026407783551656204418033831909332420582159534084174671282358513485252066615028089426473537361895568640114064209883717, 16455580597382388606388481765613849412284642597520706369431428901253985966785517030785822770223151728468626753101530508498768014234
16933160440885126732184339395837818599106867105178185916398970608756699578521821527848748173677539590529223319600511758132801805883, 1770877063939944088561940168906598425367988280437452993029318048252743602999226710699193346619697590333053383517201289954831145653
, 
5312952559596935871458769557758228279147949393778911835229821398391222553194764773410721538886775887031317514233607033221952312065, 15136836808446355665589771051038283939915975571615289484693059219966099659645823409422939998561848246339283315888288344521686475164
22681946927613367372534392587666840268073108515727010915932360125631723283569518283338713751533996503231022219978431145648601077415, 11066176326060826253926417978570258080025290167418128251897903640778388671411172696769578348612591920343508878184831718922494690645
17492900703835660760487676481942904938743184576925993510858078366911621323146615624381786723504883047424350774489277950723141481325, 5431080848127387874141103712212848468664964663768365648061207587642548215342898134217262546119469790616853095204281610066656848039
14683328337382401871506039241256952455322100843263166501143953570904887294860084935903368641040939760487472799399629314608886863522, 14238347469927589507826459962818614308829850846815994308070273209088247217391731554946237639441621954358282103694436151527227730703
8430298398489618677237419670699004879959531189551017039416639133488581675913570108198440941834190191067009664388277307900994971680, 17781025278928627078996495431783229709478850791266291965891920634921449741496710444616324706398440053569531835406522747119079187786
6984642710850859287172971998784171153076658953164758125441636552566325654852945606194728811459863547275691646534917980731031327947, 10576977868435994019782115538481931348153863535981513885791563438830487728815412308430135679870938169852378285615979791543940528961
20815726987576835338621771187063836716352102980825208156410706258306818610408563455999814844312995905049362043796722685943482112772, 8505953215705752587233814603556895798956953586542914773382183796217127911658995687158248832230838929486318523112094921361499583332
19174430839729025081385634281411384732053675524392841385526084227954375246697685844193593159080407088013788555077686933827041995155, 4082853570077313489793756780457587359330842661234827252916780536617032449607585226753168125147233485445954521771432794685583014176
11177943053947628886296371584103548941181148198089245013098528609410958942998916088541345215812475016371201000787578080359671349067, 8483992438818498008921323040606884699727726454290631715518197074239200574165938164962154596282851642424185138114909988906647968035
21314453686197188521296499488170512321274658327512716813451778551867733336708254327026651701832944741030321766659566070419153181013, 22955963089886217826876919252439986505069041655292624011598490886058525205347718404733880063943235258786239827209716961045133784466
8885567110559272282466365294467696738492179844138141893122246694237852703843855464905208355204576650440333873963117423995030802658, 5940542585485523209202743244416327437607220809211448891208921667353845963638026743379013969038541480378561917697651191645221341293
10703796478881051757411267916837250299595193722787101098372373709334897548763891855055876420180954890597173029208985458407652648998, 13177845947076660898742224040709076534206198205603233781326571865614438761525288922104891095181979043752967337375125505492156503484
, 
15568287860859448082368473825056722224852767137560034552721374838846325084484531771238024689480676183073381386528379734659070575590, 14518082663656592011243052409958996078490787272812615666299734988514705232481791500020678920011979740785275515003918441345121613194
11392073837510586040301082244542293488371640487222655151112820247852824395106875888400261925155351258067145404152223238317260911184, 23359740319473566375379050175603113393995959229042678609265205085761718011322394470340180271599417619283094337763863953794360167630
8184602894044058701243548250021097014381886103895787215644191326418321390941359472407256844678074166572618836772630894951912853603, 22910787926335192791098057283061100849310125990404627164051924365766132089393561057948090699167355584282447827002337273043874806861
23819204257635243058784760275481971832149271024000613843405026689833546600326654964821049830370881971261361810079729678489416561448, 1185322299161498720740132158117880020520256801881974728534027481592620999029139605465301261845872275996250551819773499652541865821
, 
15814627020199326152981692723000404366516118616560909478985619137378395699191958551826459528413562939554937724868490303313775214598, 17799338290207160528733350448983607365048525007074062246778814611387133353173754585904891869415367723040532682013215557427834576310
13340275121891994571382501866594951091140688098601060614024210064718023318384841884116693522999284873300689597815726910546350540015, 16641058064982107943695122212730536706060034098217550482164741316215531297862547083154086553212394127587845915406182102651737085276
7288734758228830205332134224634920741197891758195759472500203633454316200675690819028914011533142272349829352238762454281959999936, 1611763243586803953072638725912682239597876265625272746773390954923721238096284184238983051821902866426367812692492294279908166145
18397175434825171569099476420467289288809083335485920583896121508731471533177743521209377333792362502027961490621125705427662697693, 397162334605421999264641348891468627440636810983592238109881476425180076450150026403154029518273003089733255233727734523872982915
19701506967361161882068009189284719746826570598064540486913103689472134550310655877518193283709058318396236194908983344194824378361, 10332350662187282892515446575995831063722199897222841872149812252620034877124854058857636877778999311160875047530205158743430750040
22386363459994688695280621781509654668948986590332447747377064064841546695883356668365555644799533402505030801920482865615473327921, 14539957201086429402598548885453468767437539265740201810071625749047974268458149751925529474665955953728656094103817787705600230818
10246525977808149698615752790061038126330331509183346803505399137459360086164866765753133715029185268399834108494031473414313273560, 5263074451606264968367346332242645544565754427883200994912171569130610411138604196510300878416481923424050303152172345349875560529
13497371257670424632484508273532294436709602193607800764386778696410554519536783864054466808314015041646725523057176539937723353156, 9463569273213211770866462673171205981374357080922368678340960768480595808834121844065450257127565322025491850311921248404612567871
8802539739425503374256702750102084671319105072218267993431264804380664844868804896972410513190419847532089029158513972424597552992, 3723696596281466239177446241340559615724093229772812744920608087909118925865209117068447466594916900713753485347906891032241808642
789937336824307395668371295704208051624747904238572565938757488788260266979635275461330609489750386414079174235043243744940496872, 7575629484212417203311402356315850502013958463933027755176690868768323619821643962253913381144344266388971334324983721647660963684
23487649160922534285629442186687149745526227361254721698673054177236698744891872908057969883514627984442990905352780442636324492130, 10518333004635616232312414562189992019062329558904065653426278867719651884540605884448644507549949942126038560725044849623304348538
22847663789949328750610232459363693962717438597675387520136412786327284939068514616715184155099395457079089758753633943113723611081, 23953354526177001518614661024027283192494536470508536449123027136858092867586852234792663295422323162765301139572797326832428636004
8883234673431862828423572374778527241217047710419397764057589903549285393582964635625897457779790402352914270955528346548210030667, 4822842812077174731577264125331416842952882899950270870367946834953997305449863618846487372939590863358965741993330682416567173813
24160715055536334637097897873496822266909035266095841328061490829118116288414115392905005864080246974396695990304366776443047024002, 13285644686815826655613442709438132746913972954475041471619184192012809462095891485286012362825493653478794503839671596063819758202
5112066217213970340979091995255429911030234872755023129558969354935394193805952079561415026533399266541710107138379743141143271624, 11447526040936991743559651285494302540946404032103139354057051196718475797801577559418616484584349513176019090397668114646438781424
13306487538864698686579333141222780012943014967594689143836314991190527145367231088118041277418263602989251816404930979643052087237, 1259862460177167220034631299625211754682890313918055875316681107963376864605466751002500371115336643259786142452893352306712592916
23983920052990327816705180154594035171963163960127436034668413281469652004148734957504572084792897963592722392911409374681425452053, 18056011957778750840386822468109289474387504220596412394993593698460881469361072203770658710293516509674415574023311333444966241110
, 
20027739276232704275942950039406240232963939661865529979847126865646204231825732352280339927436972456766104034243990565630573876885, 9629269529670645737105336424746625340325007913989038068649191849667942481301690830670397135771202042822191389897469345813577689447
5401658026241350606653136866011520994144133201734408428871679181292216723431057916025652863742221216728382769359507473820794263572, 8102272417069729124684151836463038031873400760425483838985030737561320510937282426526957451507738241601203908194000458681551862115
21115745383760892195900534183034739964961579199127381132518155544063385142460083972933091211680763130128327079404932345051744004460, 13096443814252230927205038103259886311900281281682278792802959857857677033932605618091972059076717805120065986816336534507250230242
16416512148457076963520265266001352091720883033789282009983514510654137076644314051385348966303461476058688400829065896871745487994, 10836547729882193470763300119679229253879923683305287092530118395547056467962904597857418229029652576395214361616668687930765910734
7978011633705780492074352762306310379066672169706004273842423987848914186915561680706388660296897081357922144306882201633229581355, 1660331453355328842155254346447812665752694291151310106235410948339018111716415151892641098177328223866069907293457297879642347686
16314686216388669232588852890495358944046797527153712166699181048334308784147980456595616413927970701210304217575747116118305083168, 9509946155920068043526578798154098704477566372157431477153754321956483129502175660872884862141592155853291698290096900133806039251
15984616978550251038228497249598734851757403911036222038309938200892459365315069419685611875207102620312247863145548114519934865855, 10060276261022137846705107457133217932007063391084817956042700210060185843139101349419154955347853656837868684272571445019093574064
18635600052371842297067498910504489866116642375018340381319364981127649883281096442003787742361394625076062316357159446578462851891, 4233456228689489807722860540994337207429033711441025442327565632253539763273128898101816067354142492250094464428211941248013029384
15792768127623502237927474831343671514198547581676791876617806222658951788795789187000943443309724588703014880486151436864128741628, 20217302350318758200869866793120013847727463123160859804541754383712359973233716977222946065657239298847702540946571558643198138700
14539467108111516112427334155102844212270749661455738712900463745412104342764142941837978016825398128486814511346148778842306391922, 3217296347309639736143075627833616440449323748703469854570827828964570205418787365929504890841028226823413638603902264891128755815
15930076062611291119343152457733884623574433120288816859364505972604315830912010276082820406518862952074556121933167838419944047874, 4562150739897189341049900316900723870549222478603928566356093591030476071074516384473988074290494692711962722722608724743655481824
, 
1269949288838942743139977168463863249772644060286676721710971704818624035948771910398599114225026022555862703403318408986595875002, 6559929204342957699632014692895730290063293151898700186893456331927709334606648574257966830573170998086227014430853043282943806009
4995392665444056792854565296177921471652247610346539734894920067207558753972876591504368341325476322242289562644438591472544023358, 13280628102849513265319113547920575949184192671871612382653017526212380156288663011904641768524522960108020603289892114545925040789
9566983864621583014903446085726704700133949595900037219710574590478733304287065866121408096369831056626030978934015260614687690047, 5371868118473877283755950031766252748128066939032799224514933843992515704293739011061917034188980366527003161590956281503868899924
11403735770060500411146588774953961936474512383027450147283284118046468790307713022635705387595978757336615314584706636499496125599, 2016296945644936987734546171031851735867307749928602583366532885978053537975266468912945995164192433954475195855460569099074406137
14801654967678736046899709896843712009578886349716265030609672277062183577155057213738199100631026260801492636971905335522674453007, 10036607374032442608736142078551953706148166788182408542832734420948459031635354510851313867477730880826427523426792581796854896618
9356316219769045442143374540681097771895865946529943636303628539484956073333577209570680706634906641663197754226280897379658356853, 1288290479364791609415978700305810436428578327691226477552650278901905393812150843155280333967466246203147718448479614789052696453
520819469121218258032492215353460448533618724874323880137745568373595144866878033008756498190300091591616234281742170342492080079, 220437521856775559615556423671783329770096127852775558515944469512001931368635884983063107999809486907260690840408610123460951006
201485303674834226084419352486512884642721206240256153284567574172994156207983657782432184462391119132041473431178877925732920772, 24002619378102375363196096811017892448683943094195661662602139928527741326822520435957862130550790808480366635138027630104231358884
3210701607846152736120267535816867881677449222222281558845791813499571091618415738311723635298639534475632613873212715113786172391, 10825795315627879620136029665176130397158179390585145001368776719118696989483065053304019800341863421936714531721570085859605173353
22222798904957495552340152778654966141482583623139823022981356463727717299141613259665038987773291134705293406388342789361482306966, 24275385624529672536684260467987675667473369404582939199553112128968545763852330624020560558745315803555505581355329274975630980570
10923721620948199763250126423170913277100646745298397549909276023608041781600495432934344680210598269948415500348325708377486813623, 4494912443917654924790168044735977671112542957801171551033660103474541327833479976154018732144421811206240488231130082519180860447
16453569785718470485400268549641761903216221331760567162954900518232986901694225288706385200213562817035708163750056719231188810415, 18455282057038666640529090295468020886059457272406588095514215859873206267764627864889834851925318658778995500928456436739977807620
18788513088459152763941134540234253351322063228091602516521460231082393162666864207200180371951683132480585620240670720367253288955, 5387346922533607879851047503867679532417897097571829322317936806414397970098797252483545295926907412555018121749220157264492081887
23867588539279832848517640294978467192857669420659309033222843369073769329054241317081395729732239098531046886081431652993651598602, 22945004661242377411172847939704701702151709476989383752060982532947857161924884084310910363944557472304172670987877052738033551401
4107297952199549283954624785428745585848130783513572514251843317754509029204948044790296531698865117672360459383356351702482813562, 15038182271635810838539212430974878820676364664803318280400603759532218280256212174809278933506083107531380717362865283416926061777
5610848210856123992362822218465078868302207423164659437611481547329143092036418303891854360078004716637611613220371514929565016932, 20602483821628352363272061940122669459841454128724579310508272954912869926671982876288111866103328819122831877235250097411628639018
400643086498625832712595071768781896430473066600072828605962825652709187007678758569668015096756783921803016713723146837722691505, 21738695683528879973158057026595652717959222694986008182432878511374036545284034901889715375294549223127443540993971619447540673822
17080630716465803535524421774617852933617353502829625004032624726311271887456352586268754837411430297228710187300394226161599606002, 1641853735604937482249692161917700431230173191777054953241389421769619038912004820492495290814370005841946131743102314338331241408
18512390648064085561739865080375074337020474755701701818682691685588600435570276534025421559919275139178880019839516182238171247207, 1706910303495435323833712267805699172673281415519337604411844213996549200934790987746554154486072681340661755886120247534685803388
21030101648706138068682231926053861918479947775913979770420721612652146565307888032449433331362715010321899133855655089762200695791, 22208230112967181124803551326717999603620087101503729603763448369072655912294479469587426119169382826479233092232601069975308922874
2915532659807449755522040564897241746002014889810140970838531821131570864897727914690622511143386011029543607205942397244668624495, 10894519518719766439367209414005407833514482790099597031977609550415281111157671383642653775546793027245094510416396195833349737503
6394378551756070158753941925513003418967432235488961731029310963909015934589863987102650085744587045391303663661681261065716884706, 13801266004962051183601687933469465285225636112530436886557061797778117604847034701246097717855037861669345310826074028417609437099
11877013095052315752197773381988144207755009538633423933828887776544826980538084700828236122872643101362446240549582916679037576495, 11580080583035964970366684688907006679753149328573758569108030854730383582036242262581803361263810807316719653316815148143079364997
12489714227308999337425603804474650846773846707066764004574471065543548005072737457120538543999906563412837339233626030175350495215, 2835237796726240485440125132297921995728268694247759723702924300192565171808756721822780934065391908513450642754004966680497833654
22362073402594843690883866039028888228878574848031731458680725572041691955911329519328029894228150791212626082372148765532028572043, 617387829186172270321682694943622614758044179643027344161113868625267733714066732786994199924154571025548968705432154288137944334
11961846722202362521828088266634342224911171624075520935950410581982008809201883155266513718435228867317814486652435312974382830615, 8146206366015348222770873422728783357684145948485831087621279242751022607744710774766869842899169458765804019375131938814672130398
23891848387683609548611709520976621037745547149224049472997414999895257418668706289814356267656492496740876446922934925052847669390, 12194665906966385195649255057229556580765041713049378097001174802198797436479327963973422555862505780054904975130289408287812223463
7926545363534837540765123805376167406525158481756815342842747024184507863488482048048188625543005845054450815509086313001584166155, 1600314724479025679384018463685221162808275809475344825629961661460060269809936241369900522721725058658306920217748987915318054608
, 
11768688968193581100014459313820169753038497977677655485373399452071800503041986335665588685278495656467487162765076726710241476399, 5322275827460188631426223221471146533328242533307674004982558903522948716015678414846817870647856498731514710278626935657929911491
23523015732489620165455024975834130424841207330998314207876320405379165338187787658246804330583373757866945556966435369363641796935, 7982698348574552741123535537645089184149651007327562837370933357394752754261584316271728969369297214927296207801841132039759004501
18596755099455617034776912581919176611874584680584081505360549948849052423392334935673322817256000187773469936678020870590538380138, 10827616417313148400494445961856246360191884033407032968938706299972427046763483757682594546395052736447667311109472239769365226506
15440266822021023238183762661021470610489639723273616348862102014002022608440998109710602913460397292039895288854891445672200616595, 17626433880662401695257367999820066975909481095525110154493178552271316943595354241289300851702203837146468947036442826647160220741
20752534165064008233417851777211071267578979090220282148236561718061444444813030756790221370206085851334790377075580246479155941437, 23639042745561148416139646077266526206323825416013484560437986643590096640075711412067407047130442644798051266442320597032581638393
18133703684346991728322201381657867246998659052013762640624504965810832525235147294753003561128445910603527751315583291957367157850, 2970639289380846813287883710731278900600147970710478820641524150443216966591348765735659649846096296825659418388226431213990570437
19494182876754434287366829120735044164044225999302218598406189730292948451303743755651523953090446553171348195572453002284468352236, 2366081120691304164936532433155650333485734280305509565963364411705822177925706105939483154372666818707124723077860083485959529582
13500953078664412664818661275204800550964709492274493679957156057252165658264855964336039975877031634402601591986422968635989886267, 273658975620542648145819320509694415453209646000316741456301274601885572038138457633528091851686129814623556889169175337779047344
17288441063519628490515513354345068573503444894410258487345344958942352968363754058821994711118092761947929898606473821255877375813, 23451186013537578597315338765582382972017217973590363822055390263625996348655772273083793829397177351144572446251943335025960051630
19646356067900810555230187238987156857566301754003216821757918105254656441080140145006347895057634327741493515913208047146831195598, 3479567683495573430411018829718703024704546006615251278919892815429044185108684722329761944133759214291947786537783530260588590967
18631152662773002697046233149874188037173723016023821296215813081381657943417773778262708636377943331368341904032694940043829801231, 14023800146673353274079919555932373279090123158814130723977330162786278653919796252159410351113459529195220567976007700092693629888
21824526368243058397066916180222064812149527853652101015236081830384474496803666217517132471978237292843414739112393428277875394352, 2688282765012741337622445578268992777619458724247246619228298963637761720759060164295107917126728639424806273630351870475010842766
16697499094307015055363303344925688842043062495881954724924781635372988112947557843052955718479842763497535078606494218122258711724, 15180893188921370819504655807145623546502769125159418083466780696569738066446647121844418586802333236215501301390449006183974564629
11316519019733831974045538942653281792074451014556744480043470297253502831434363280846606048438911648706781874233676780728797122092, 23325330690230128713908413976212439424903093952817585388804550245342676666931366332682641357495129012283674471123003753402481673556
20890233384446105362545086154718274303435441448504199342448369008757522060482984980553662311809188334077085717909347732393995652758, 7716954508207840143942376724910010275840860700949587845021999391286462035515799669333349454149806742173257731265157485323909747363
8021728034278573757586471897842413392848627005310861789271840833795239331032218771255864277081371199598958330920389078891220630941, 18592145046062668119373520229519043970370401000600081387803503647943630620441914918178414151289872901845771164962286710359188263582
8468606415536669655418363388160879174510636585385944613317139329961472121224484130870070416310223315689975923004963827935933101720, 24264154004149044923643300086318613274409370787867059922563509761406600045154398474599210133238179385896122822020522821768981199750
10680857531797942218604604718442256312974695468223566855824626052863786407056151203748337755174268893933367177219338150328891320302, 18175574996997016484006001165591076717025350256122113377499541078235540855710588848006165356153615830406372325196013403191594259892
831741690064964793675499176945274541723812335601845455106690081998471918742274678817017009896502102860837399580850109501023344231, 18463006102677344836151202144684320139932718253403586261325062112234994965958710461957927858217183496318134960759754346468526607924
